-0.330457 -0.94382 0.00103518 1.38554
0.941961 -0.335721 0.000960071 1.42281
0.323736 0.946042 0.0141074 1.7221
-0.94207 0.335386 0.00453656 1.72604
-0.00395939 0.00209711 -0.99999 1.00482
-0.945949 0.323669 -0.0204779 2.59431
-0.00236886 -0.00291639 0.999993 0.653487
-0.350674 -0.936495 -0.00198394 1.02494
-0.00669397 0.00209557 0.999976 1.37752
-0.00153196 0.00448393 0.999989 1.37613
-0.938879 0.344238 0.00241682 1.53869
0.00216958 -0.00106854 0.999997 0.618722
-0.00436465 -0.00048247 -0.99999 2.25073
0.380397 0.924822 0.00148995 1.10313
0.329569 0.944129 0.00231582 1.36481
0.324809 0.945762 0.00575626 1.67305
-0.315345 -0.939568 0.133301 1.3612
0.940962 -0.338513 0.000244391 1.4186
0.00882463 0.0157453 0.999837 0.446977
0.0274347 0.00490152 -0.999612 2.2888
-0.95275 0.303754 -0.00121878 1.94783
-0.910559 -0.369096 0.186146 0.990509
-0.0519738 0.00964873 0.998602 0.995944
-0.94061 0.339488 -0.00126992 1.99086
-0.0254698 0.000226453 0.999676 0.92899
0.131279 0.395951 -0.908839 0.502597
0.0130335 -0.00740534 0.999888 1.27266
-0.236031 0.0923095 -0.967351 1.54297
-0.357943 -0.933742 0.00144913 0.997364
-0.938581 0.335932 0.0788427 2.43915
0.636796 -0.729292 0.25025 0.950094
0.330385 0.885738 0.326058 1.00413
0.00398623 0.0378713 0.999275 0.661914
0.329474 0.934769 -0.132866 1.55917
-0.95037 0.311117 -0.00154647 2.55799
0.309751 0.95079 0.0072325 1.20093
-0.0322716 -0.00557928 0.999464 0.869314
0.0102671 0.0389294 0.999189 0.495458
0.938085 -0.329343 -0.107378 1.06837
-0.546463 -0.837482 0.00135779 0.423265
0.20413 0.593673 0.778385 0.149498
-0.378907 -0.925435 5.84675e-005 0.00513915
-0.922273 0.374436 -0.0959723 2.58367
-0.0677575 0.0183204 -0.997534 1.48891
0.00108201 -0.0023782 0.999997 0.958446
-0.920197 0.256219 -0.295954 2.0762
0.963608 -0.267296 -0.00336803 1.28944
0.0935147 0.995618 -4.04336e-005 1.36822
-0.460105 0.154563 0.874307 0.43298
-0.168643 -0.0191357 0.985491 0.966299
-0.336431 -0.941708 0.000892848 1.4161
0.0428197 0.0218134 0.998845 1.34887
0.14192 0.387951 0.910688 1.05044
0.320436 0.934241 -0.156574 1.39282
-0.173737 0.984791 -0.00153749 0.0508752
0.322601 0.922333 -0.212675 1.72088
-0.363477 0.758385 0.541051 2.46724
-0.0248746 -0.999651 0.00885573 0.460929
0.040262 -0.0245338 -0.998888 2.16771
